200
96.46537233358433 -91.04173718745803 -20.677774152304934 92.13089819589914 -4.907498056513788 -38.740271039862506 53.43030779739655 -52.86846455010581 91.52627491252957
67.35585344391794 52.34290946142582 15.879132973739758 -74.26725426035763 -60.37264611789628 -97.62451229793771 87.31967508692216 91.7361755542561 15.03252511156279
-2.0097847542434266 43.0439204401012 44.49638357436777 29.480997033100834 -77.10854279071611 27.027493643086856 -34.59971092368406 66.03356711039518 -32.239791429725045
-85.59982953062624 -40.29764151486992 24.657827394108025 -35.095500588780254 -74.01621843330655 -53.047388502014115 8.337916707545048 60.92958632193387 55.91498566167249
22.230287447572337 -17.38787292393893 81.16939647204461 -6.590381557362846 92.26374078738141 92.03976131977532 32.06113364095435 -16.800955694286458 87.78236999324633
54.61169982543041 76.77994589239324 -45.97496383181105 -39.2850710078005 96.94452711158135 -47.36373422780622 82.42354516511068 79.56714196915456 24.85719130533927
77.5505930239066 68.31765802097459 29.26962829228782 -17.49756635176489 -24.945910065935323 -8.450973386787595 -18.862184243584835 -11.006677797674598 91.6077439929407
-36.53593532218753 -89.62475469829259 92.43878730133883 -1.0100189739585375 56.844386626865145 46.03557418953551 90.94902526647007 13.419571996967747 79.58483757276795
63.11477312875442 48.61321681803918 82.17647497147775 -33.014383631657296 63.293526136506614 90.73871828231327 61.02961572469471 -89.15534745357381 78.08737986831997
-10.053895868439412 -59.748898540620864 -61.889053607605064 11.405287166690442 -72.13291662938519 -34.89134968008429 -74.96219504679347 -18.618704947810087 55.42431501934024
-34.4747853806723 55.28468492374489 18.107955615096955 60.34895305837841 53.699164231785886 -72.47143084991112 68.1530364591645 0.4288408208000618 74.51829806295606
-32.07041378546036 -41.774582217486426 -86.81740303217782 19.49152438479402 62.75352831017477 84.18047803365042 -76.66947943287676 -34.87060210225145 34.546777043110865
-14.500261652761594 58.50723623835833 81.82708487972752 -89.26312620310799 21.16363254951517 -54.749456106232294 13.652459436728904 -70.50814469073244 91.34948492212752
77.52325003197052 56.49167670038966 -96.01718347914967 99.59291709898264 69.15876829945651 77.03754539151791 -25.38518729675458 48.05726655286645 -5.0896728649155705
72.9801742985652 9.060732974801851 7.424597623693828 -80.00566248941456 -51.174378835420555 -44.26917771812538 59.88563602282335 -40.33752757939206 -8.36052087510879
-25.265871168651415 69.34048727207266 -99.51628763775173 41.70087440340754 93.65432561693339 76.55449347505464 -2.526305639505196 27.441824775464767 1.682701420825822
-87.58602977927758 25.877244785822697 -68.04139922301002 61.12943370993355 31.10233706691926 -74.21192110815677 -16.376359795544033 41.565249314432094 -75.69921973837658
-56.46080549844699 94.54270612676163 -12.707114089863254 69.9088422600748 13.652636828897485 -40.370380669146954 60.16647173383717 76.38617515527238 -56.24093042257741
-64.39987852373908 60.803657224576995 -10.58999101835522 -12.282030577760565 -8.35150949302492 -70.5922861885494 -92.4724590053101 5.717340093002974 -17.59072366570426
-49.24543621168844 92.32831279425287 -51.810372335854574 6.387313854492206 -83.1191635203882 44.88961653893878 -23.740012922904086 -13.165166341268005 16.884143131156804
56.59971147085065 -63.425497054177924 73.74516110404218 -34.56121324633985 -14.374769345729447 25.623461891811388 -58.57966718662557 3.5937899015933397 -20.775180594207725
-26.713850814340546 -13.144768981071934 -76.10198171177984 42.15679541757271 -82.98841599020474 3.571600726873527 3.4010093187574597 -64.28549804803939 -32.14770456647098
39.30112345561582 -98.50825670726245 -2.937210728750131 97.56979407827944 -10.296956461212801 28.10258593110632 51.29660047089763 69.68928788543764 -17.082264163553234
72.15551657023619 51.128971555749416 33.6903948118464 -61.06839818523453 -53.62408328846286 49.510506698132446 -21.856151101965523 44.73695577327754 49.075674358986475
-7.739776913963681 -19.747516215211917 -72.38429646534918 21.90087682049227 99.6141813464248 38.535202865314204 -40.716816925762544 5.009491971003726 84.21939678777932
-35.24045613672351 -4.86495609660092 -97.76996780668554 13.179471765937635 -70.95524898943135 -44.50132299990652 -11.27850323749584 -40.41120435238297 -53.87001186147957
-24.742187877537035 71.59368512405422 -72.62933732155139 69.75317469740455 80.624574127877 -23.236357974406147 -61.132313172083606 -35.144095702169835 -62.025259162355994
-44.70286549988045 47.75804791942778 51.64679495524271 67.46167014088141 95.43780756293194 -94.30008052887402 57.63287868237427 -25.969511599425402 47.96032870529996
96.08321059422622 39.3365317407837 -68.62197856882821 -82.28620216631408 79.53782551124007 -24.092814948817548 -96.90347045697183 7.9886238100372395 -63.147472190028274
41.784947963634465 -59.913725828744326 -82.33440577916508 -86.15434973728999 -6.003124382959001 58.68741197369468 -10.164469992896002 83.53208967449353 89.75148111586518
6.563395048866141 -82.39522855868735 -25.98038615990852 39.45538685561263 80.36113266254239 -97.56985871735635 -35.85125671795328 -94.51116391744428 96.78606425624324
-85.4396276847844 13.186477178126239 -44.68726275518806 10.80444494082873 94.53717441697597 68.87549847715803 -8.534558307563714 10.596535146387382 -45.626217933405485
35.487056498496855 55.42544380284687 -34.28851592087143 -15.434079818826035 -7.087910859503708 -72.49077411423133 61.69710787591859 -2.209288783360279 66.38789856110628
26.285678213878796 91.4802586340698 45.88859704485924 18.080561811560457 -30.554918225465073 28.68400050986557 46.55374522348234 -60.155309497640694 3.2316206738486812
-50.10819325119302 5.538368497728598 24.229625350460452 36.9252641190335 94.77143268057517 48.608132983086335 35.30448884473577 -12.747320714473503 -58.989827808342724
-39.629703363045856 19.81140605200831 84.73369481696437 45.54982215582177 32.404877894320066 -57.53251957144296 -47.96640955010558 -64.19096433113845 -48.952524999996136
99.20516369587483 95.32258332422472 -91.60842122401924 -57.16477066516974 97.91069290175528 56.7171483718661 -52.739603491242136 16.629860915595913 98.9437932793312
-41.273750912738215 -94.4462990510623 27.010770015191483 -79.2145457288983 50.04588207829451 -56.99454422045633 24.722660905380224 -66.54144589374948 65.08675965077884
-9.839470986275273 -48.39270568663569 -94.11906783943682 47.75758832350178 -45.969551806830154 56.14423821746925 -33.2082893911942 -63.33970088038154 64.32864171968205
-10.27587026590804 -86.90376287321824 68.46511225362855 -97.1065600984046 40.85275935622167 -19.887839553289325 78.46103574595287 3.121000880613707 -40.762302702585295
19.416827052598578 -61.881018828847644 56.379182303011675 -74.33095996249824 99.65391370482232 23.315429994887154 90.29384514070742 11.43333543495946 32.58230051889953
40.591865097771745 32.795058958656 -96.13142089287837 77.32667754885259 95.86758771864385 53.28377481311401 96.93593375209565 -36.347154756788335 -49.03346529603254
-58.00283893790083 -2.9153589275277625 -5.06144404163021 -15.58359319645146 -75.33057123210568 -32.891214648177055 23.852400184859974 -91.59711987096495 -28.576827771853715
26.46013730973297 19.855313253578473 -59.76720809022367 -72.9908502572616 -87.90112549736757 80.89519248157652 6.279849370841916 -16.960042318956823 67.34080355582614
52.55563274628287 -59.430945310422835 93.57931441259183 -72.70559891931671 96.93380074836128 31.865625010632357 -31.335171373344977 35.01382428863536 -24.939848513650986
75.11861774975986 -59.81290093032135 87.08471011684182 99.4064696621131 24.662444243265 -22.01479866563274 -22.744297332449605 -84.64445676656862 -34.02716618701858
-55.74847008496708 -87.39972455716894 47.08233824926958 -42.87822383334421 -65.32332508352667 -82.72245073181006 33.15239705457108 67.37538059436082 -32.02960290789194
67.13408898842582 96.67377636369557 -20.713022465046564 61.82088113608677 -28.21891132410086 73.39342752811376 -87.42352831222789 93.79025641011074 -86.30323119634002
-86.73759576679015 60.45310177846628 -30.371337770562576 98.27538992068955 -71.22342960115951 48.10824021972371 -6.5420307181841935 -67.52457746883132 58.52890361143642
-31.200230062153892 4.327021376057203 29.5876081128699 -86.3124665960421 25.982188134651054 53.09018626526617 -20.258013329206406 82.88636325638205 -61.84567946654174
-92.31887250662503 48.61262737630099 -57.55636863997338 -26.225595546066543 45.150896485764235 -69.9162980131385 59.666485560068196 74.23108814301625 -49.99920327938734
-0.2288610799604669 93.33508433738336 -58.04526695628345 -60.09323644468883 26.57271004435104 -10.118001298588553 16.921113247715255 32.62459649283622 68.60735473773838
-54.57618364283814 -62.627381547841885 -28.815508809036274 70.08971692636109 31.984634796447068 97.33504741431548 99.38524755403682 -90.18513444998749 64.87863249393138
4.071228874779848 58.54367659415382 -38.99343158215254 -45.33785533022075 -98.39067265177701 -57.067227776497106 51.95005289635631 55.108710709613405 -95.87224214405936
-53.41603648348294 -61.8060548808254 15.997616615781453 -86.98821939508832 48.69387262393161 -3.4831184375603783 -15.909185930851422 38.67483643542741 82.36983011414208
65.0078208483639 28.696939811528836 -14.749401478130082 -24.74590615677758 -34.75733887233001 57.12246437957481 -91.88505484714484 -78.28879324579228 90.34994040758144
51.10682926189409 -89.58499569586638 17.311028345513748 22.787975924762563 -51.150180876267484 48.0226230111804 -52.19854518802467 57.20594818466259 60.42345329365659
51.556127594190684 12.151798523457828 -21.406336924715944 -58.33495528832011 31.376357524100797 -77.28876541538719 -63.6250555860999 -19.540897799023867 92.96646106551214
-16.64019958753218 -53.20713531001849 -67.03432291454297 -88.9417912945335 2.6864787390948948 -36.25642383763068 90.16345452999406 22.36069891864942 -90.14875910531262
22.651002934367398 19.563824752925953 31.453330645417168 -58.46586910072329 72.91312699261715 52.9887528458311 9.342342328987698 20.056265616960076 69.19309671195276
-57.9614472141212 -54.22012342928064 14.770928195342066 74.7322449674457 1.8187459555664418 70.42021236975458 71.4383975662 -89.20080855610229 -66.39210209237513
51.070313956739454 68.95590341848006 42.45821535708137 -86.11261406344444 -88.60629783384645 91.62214426686438 80.6255545440462 74.77898895317381 50.906375971116006
-18.72764160304439 2.8592197164988704 -69.05388445658738 -69.90302780166519 72.96721127437411 99.28152563440727 -37.32596611029659 49.74105856466355 10.737539980647611
80.66844778145929 -7.673954296645974 -36.686447656788836 81.07768412630404 59.751188391624794 -10.662901791235328 -89.12323830018813 -38.41298012594518 -12.387975289385665
37.5703066314922 59.50837756338737 -46.34660438639604 -15.028250675186456 -24.362748787942735 49.295260425022605 63.01142876052032 -11.413653467773301 73.85471223885497
98.34502034088018 -34.32545238477172 76.4232110255007 52.01425095281357 -38.327288172916326 -75.87040406430283 53.527515016807484 15.376591719488715 5.809281060355346
93.72047705411518 66.98368765839993 7.9884202916137355 40.595999277088055 -96.73374532421528 56.71275484494336 -75.80457360153048 40.878173460179624 -46.69571326389532
-46.7335311615233 74.84232319671358 -70.15191453876506 -47.99855048131938 -56.31560876490076 -93.84265470815292 -8.677503628311285 94.22757750663601 41.63355569062196
48.32568920944968 83.89285884506637 -72.46269611253464 58.770228432618865 -8.239365720024594 36.44087943168117 -24.618399281124596 10.237102410651417 -17.450297523764164
34.218026879009955 5.730471711099526 -7.065123421198919 67.11991798602676 55.170539407117815 -38.860246708377424 62.56308013299858 -39.146626189398106 -34.33506889314589
76.33322258840332 43.210770353592466 -55.78574938808914 87.05172483050788 -16.64268685580535 -47.296181396272566 94.75371024443905 -61.15816531903 -26.618127057901958
-92.26621192032027 -60.087507441502154 11.092331480899631 -16.473720152414458 -34.44696696868448 -89.41982481978543 -50.54013459828186 -74.5680804792627 -22.993309781728243
-51.82177735913347 -79.92567565862939 -1.6101220064427508 93.90645265902486 -79.35114520138347 -4.180399675116874 -48.436234812018576 -17.833798538529848 73.4809641655711
-78.4719190694903 -54.81959437474073 91.95319783583201 -28.04134682781809 -32.95411177099459 52.25273129663924 59.1379543145722 66.96369032965558 24.128763937344445
-78.08549832141512 53.51625101723582 -66.64091126901361 42.15149655063266 -97.17525194429506 -7.988047278455653 19.359548228835408 -21.200372561079845 -55.410060960457955
63.06023682809467 -87.86030038804928 66.67322299289151 -90.95759477665742 -50.50748505989957 -88.99164613926942 5.7867587005516725 -93.54510707381803 -51.91227683603961
-43.396154103299445 -42.76400080604152 46.48009624072736 -16.951549206473615 72.15832984359344 42.61323253947526 -15.95810497089525 -70.83610931344542 20.741268357921513
-29.749040571166248 -24.196746544642522 48.54213414789314 -62.94184405116135 -63.154296777425834 90.34459178854044 -99.11874131824278 28.88322106765628 -52.445357436948626
18.845997409098175 32.14356045678565 3.912114515439029 37.273524018951775 -69.1736320032027 -50.875166725587675 93.13014382787094 -50.85738736023755 70.36250386511969
28.770767049248974 96.46598730634247 -40.223949837866456 -89.27062116766137 -81.46102425578106 -98.49038998506381 84.56888281785047 91.82277142910684 -91.86561729000155
43.01154377304189 -40.111408886088995 -43.71438838881767 -13.055898511053925 -98.32000100721048 38.24264129072699 -80.20881081495752 77.78452487848105 91.17382047358379
-4.163723135393866 85.2671409537416 7.730424823657003 -67.79278138917724 85.97236390751374 43.8924906850458 55.36295002063986 18.021987230788 -65.23132653793414
56.64082677689919 -4.746361516502745 -28.53340653584486 46.706379447116575 -24.137833936422794 48.238725868206416 -98.09297104172727 64.93925335584345 20.916021414161335
33.452511608482666 -40.4339843118565 6.61068557241407 89.5330118755231 -65.4454154176026 -5.65124923056581 -80.90004013197043 69.25482867376752 -59.364476310972236
-70.08343675363676 78.6062275542651 44.00679132367165 41.45880672852772 27.59887687561158 55.26426949981877 -58.82214262133234 -1.1827798199986432 -44.94735916504591
-60.324967092426185 -53.26138853684124 -32.602374756250896 -55.61704573364512 -97.49642989338156 60.95412609595837 91.35294545771984 76.2699033483012 -81.96061899117448
41.08689839561325 59.98066657358544 14.267229189449466 23.198227987271295 55.516511183683605 8.961661457092674 -37.894825846168835 35.43677639421179 -33.808718338672406
67.93991968296137 -31.677719365534855 -85.72810932386408 -99.39880238110786 -51.661358260191825 -76.16759634266717 8.743974665670521 -16.682811743547532 41.76806662642542
2.8272047519977406 77.98115353885251 80.76381607546611 57.560753962065604 -52.68580999508954 -55.98589438191945 -8.666657026915317 -14.00474253731258 2.5598798410748174
36.14501198363885 16.614329402864854 71.52391332870823 60.891736410277616 -7.405621351607579 15.002457651523642 29.602194246432646 31.755848698950672 -18.316602311333668
82.9053994831007 -26.892515238698735 -0.2911885773630303 9.166376599575116 31.74115203492869 -66.12617736444888 -35.52560101614684 25.7343401896934 83.17909432411582
-17.269675487783573 -87.6966347778706 41.70695643839974 -98.09348921673096 21.811747370409222 -68.20453574860387 85.84322223628965 -24.263286854035357 95.19976798603088
70.35300150336948 -33.68932889206755 -68.47012867905981 29.966614625307017 6.078493855847441 -4.264597407853657 -47.10813409284478 8.438747861671715 67.25050262257042
98.24747233000286 25.45378338326738 33.53333263140749 -95.30596753575047 68.92343524832035 -33.07573663058649 31.163053914292675 22.729902531240924 87.753360464049
-20.677392106679775 56.83224785943645 -16.39357973422429 -56.81587767348901 52.338133807001356 73.98800151360501 76.01182603753404 56.44616003231755 81.32247563418309
-30.840388871954417 -51.348180059539786 -50.13074624530329 -91.43964218703957 -66.09567439034834 1.161621734130506 -69.86141343332272 0.6939695934375294 8.07159790325575
76.32827331013416 82.38252354056411 -83.40601070421852 29.726258675395854 38.77518343287824 -57.42411456782963 94.45513937182929 13.258751114685552 -87.87270892951409
76.95832671309503 80.66715663824232 47.03375323838284 82.66216579253262 -34.77151433801842 -20.50553147334948 49.57482094565816 -80.32174151414775 30.097742311666195
-11.265996585137557 76.6671293343131 48.14137656931541 -37.15378899979811 -79.64733122211744 38.494028028762926 -98.49563372338778 44.41030470972237 0.4518456874651662
-15.35438132154843 -46.86395770382532 -10.361290489166322 31.338831808753753 -68.1976426294179 14.794266467989232 -67.49966237322822 -38.13429686547458 84.22230323787105
49.91237053880897 48.85141513452399 -53.692896615778274 -20.9463533556781 -72.56033445613423 -66.04232289779242 77.6997312940197 1.094887587172508 -2.397006625299113
-87.20731868750127 -46.19865372896233 -71.39838282371682 -95.64154795430684 11.590790716893878 -38.10837876906044 -14.535822103624966 -45.4111663728068 -44.228374853206965
-75.91963328317462 51.71142336325795 -10.337730379686732 -65.89971667272118 -89.28584959920127 -85.87339632309818 43.23004120236979 72.1757868031523 91.47345771754146
-92.88229819269954 -23.505285694045767 51.42214694354749 76.8390984390588 12.8954769223987 1.6173225290800275 -93.84144715305057 29.689551495622567 -13.912453996591154
-57.20172170090814 -25.149517138291728 84.39049264971376 -60.31746974925052 99.19582494004939 60.84761118695826 67.99053919929571 83.23180263561221 53.9104431064101
69.36049553076671 -71.88655637579055 -49.83060790469502 97.71332887404748 7.346168331463289 -63.12374850147049 -22.66602039651613 71.29169384238668 -20.244700942548207
77.31388326538072 -24.19641919968369 -14.535885400787166 -44.283060048539284 7.03123775223014 54.41499454524279 -18.63527991037995 94.10363784204526 44.657478373003215
-17.308185897251164 -73.06722488485013 -40.83773188536668 39.44211366450497 -35.50059430017494 -68.37761612848274 86.26743433444042 88.38762637031775 -74.6509470905352
-24.59693635022913 16.265129640004133 -64.54479304262713 68.29118853376963 -97.42617717880168 -52.88589955219687 11.562700212122891 48.10348965412078 12.304938560203652
43.32361340333287 -36.39462617803104 60.70044854593394 -44.294069227888876 95.20258451678137 64.36672062987589 53.95406220284079 36.85737202057061 -53.63958819048962
59.6201430501894 50.41015046164904 -9.7009192696095 94.18307683040277 -62.06234083286859 61.20684734149427 15.159763139337798 70.32687517344053 -3.009001652826157
85.41762227701773 -78.01870769868123 15.922203102448009 98.03349376566456 -89.2121948369897 -93.53472139548884 -55.491654131164616 3.343302143048348 -61.189470899974594
-31.439788925969566 -37.97623845492573 -33.96411410363534 4.765012137626343 -68.31112226123153 -61.05099020300746 92.79975544583041 -17.216310280354776 99.49665170030423
60.04931561224328 53.5045367989413 85.48187560983567 21.970335199974244 -94.56475636119093 -46.25229184080937 -55.498722083549445 -4.182737796714321 -61.912361619463184
58.210769195287014 -61.236326458093316 30.474932178041144 -8.887823227112435 -88.30359769977154 34.710496974035465 -94.3020097058217 -86.29250570522645 -34.59955133307788
24.63892554109337 18.05421402036677 -50.83275807580154 -36.28252262743419 65.96080621194625 6.719241141036875 59.35675779445191 -52.36011973384127 -38.44640792727005
7.715114449536671 42.51339505643287 59.498424861812 17.169769840920893 74.0516331785227 -26.835173016869902 -52.39901323149496 64.17430295016166 2.0225535903087177
92.77727349639383 64.17801131405668 -48.93248778687593 -5.3002821797399235 -58.00687940120517 -38.108296983548094 -7.626725631792297 8.298414045550118 -24.866257236980132
73.89252069938803 -45.347602936370144 -1.8118235178617823 -2.4079410224340165 92.49097311826392 -87.37951027211967 12.847816959970743 -71.57557195010838 -76.63994828211747
64.24251212405358 22.61221609559287 36.32486720733232 -8.520702875699016 -23.303867204166067 60.230869195170925 -90.17312419532652 -43.452761295262164 50.117235423117364
12.232513064146701 -91.90740624106226 62.61757518761752 -87.20170199688427 78.79003213885392 -26.544501078231647 41.64479034844632 56.40439628380682 -87.88613707117992
-8.136685809295813 -80.02769489323991 -24.992129130455993 26.43357919355296 96.71432948771587 16.427179776108744 -84.70120696141565 44.893007169430376 26.495142531030027
55.92327976498831 -35.38403408896707 -79.00591212382339 -89.87405285966467 95.18319444957288 -32.257423765557846 24.429963238946684 56.38597582775381 -55.311602891156106
-47.54029562987678 54.32820564833193 -9.440790665369136 -92.76991284370712 -10.499434340352082 -79.27522154822452 97.847918717337 16.655191552694177 -49.837277772393996
-88.65724429673551 -80.5952094511496 9.756141674601437 -59.59840488144606 94.72310393893031 -32.25875013129591 -0.9115355845927553 13.29101474127961 55.12641588597654
77.18142001462212 -29.24231181602653 92.05446244536623 -11.86152725106173 -45.223319223081425 -11.759866848196879 -72.02607893911178 -23.05342496167752 -99.20463167790902
-72.16755319934481 -84.51855738464221 0.076963646654022 43.34160871027541 -12.90020304598822 -18.27675905015917 98.17435210288804 -23.907069474701245 48.58708541514625
97.94045552708351 79.45123941515064 32.56482941234745 -96.7303857331805 20.142208549073686 97.36620939574019 57.99398902408322 55.73035316250653 60.12173023657607
81.84461853457944 39.61032331704436 78.06436786069622 71.04501476405744 -78.75196147717477 -96.86529174149767 -97.6479332510342 60.257402890117305 -92.42623403847811
39.489645337677274 60.12667711797127 52.395829390839054 -8.784220516051164 68.72886421670987 -97.5099705525366 -54.72645920390986 13.270055136168907 95.1677756123276
-12.40494194042401 -25.361404071342392 14.446692889218099 98.18052460842267 -74.89193773555134 83.59146391687315 89.05395010056549 42.673822405007144 -30.789664079302085
32.72016757574386 -43.44286063170046 96.37351054466751 -51.27570208986272 -65.65194776614496 6.727276410105148 52.38601717177937 -88.53185591024271 -66.29789510621083
49.940240391954546 -29.959279078862025 81.23575770872583 22.022853087443252 -10.446940384309869 16.033343373400527 31.411069902672608 12.846743133584809 -7.342689121354013
68.56600310150199 46.94421106872932 -32.03260437091791 -37.22450297872379 35.2549713701537 -54.88065652585617 29.773607360605723 14.393463891685215 -20.256529359944466
-56.673879067774635 -98.96825649553536 66.1145619932255 81.60892499902988 -6.455554203605928 9.150831095859616 -72.34348177118306 -41.604735334274736 -37.731315059604206
-48.15526465505013 -69.10380138871086 48.2486536412583 -96.48099274578708 -4.2600227062993525 -31.342924429566494 33.37882436819541 -84.55712795076751 -47.74485003660598
70.96200608204333 92.54695904861492 27.27099350649833 0.05717884547659935 45.82088717661492 -69.91409714932102 -41.52653906844106 -73.57053571604983 -77.12922243378218
85.8810659691901 22.500706645051423 24.826747043999347 49.701930174739005 6.255343326327221 -63.62328157363617 42.781574150547016 92.00172344798264 -90.50783350188661
29.694353189445167 -32.155381758418386 77.83139001373664 11.350015178214363 -69.8234635283292 19.23100327416887 -80.66398632134442 -4.897261290546126 80.49238641408712
-10.070143613679988 -93.17928894073289 -94.41875789560663 9.834696935307278 46.028248003033156 -81.16836801941416 50.346235328663056 69.46339759014216 86.473154377392
16.960738492679496 -76.16880969305015 -12.984994247202849 6.528178467305963 -34.487502896661866 86.34302846300685 -55.297191042505474 -67.13473650873473 -40.77329108332612
8.232532053458996 39.28592703487402 48.21345150790296 93.67415886455083 -31.406061906485434 -35.623724415312935 92.45899905276937 -81.7955835792913 78.87436775928816
-49.44439479435514 17.76523848524387 93.28006394979926 94.36781008735935 9.157228933178146 84.651362053485 57.80339646979874 79.69591741259009 -88.437648891239
96.93252042804215 -55.18578222787758 -28.161517528231798 -5.0509116426405996 -76.70421060593603 -30.766492732978733 60.605176769765336 25.25049817756799 -6.874414174095861
-36.851361122837936 -48.698361037285885 21.428877370424956 29.601884271185355 15.918451145915753 -16.78572191437449 -51.25223709268716 -35.153680209594214 -86.98783653519592
4.099409256664032 -4.840728656327073 87.88815547313109 89.76044925708652 55.55030704696202 69.18806911151688 81.64696403518303 99.75813947414528 12.221072352109587
-78.68125304492655 67.25328126708703 17.452521063663994 -72.59646692662214 -52.98132592104907 -66.8238074400227 70.77934393819936 39.156501595473 -7.058122682513073
-78.68062930852047 55.85343261817928 66.65930858427754 23.225567461923163 52.66593087701855 99.36449683559334 -56.75047921510561 70.97934538509048 99.00987149516482
7.57764470909747 34.53461141566976 -44.74449256988993 84.21529562078356 39.68977278039739 4.256973795913694 40.452116279946324 -80.42558404145903 -46.209476501812375
35.82248534550638 85.65275499828473 43.90529747089954 45.97752975678557 4.04622680633058 61.688371039579266 -84.4312287987848 -87.10480849812114 -56.193530695385284
4.072462112232444 32.164609188130186 -43.549128779433374 -66.17304564287865 -78.19559777766234 5.375459594097222 -93.58475697566813 54.91280669811965 -5.8862554824215465
-71.21166989873866 5.913998977112115 -57.29712832093694 53.63436165353434 -15.886642157766914 -67.49124943961627 30.052276808570582 -59.975654291551294 79.65305415629933
36.032382368489465 85.80527003712868 41.87572543346647 35.480179799625716 78.99962339333712 68.11543178419413 5.188246392395058 14.49858204516488 1.0194744192010035
26.246534265297655 -6.127911694872921 -53.8303264781127 -72.5211107022824 43.44089089467596 -81.74670441255476 52.9971290293218 56.08422130709468 44.56744447368524
-33.842854432252636 78.83155866645478 -18.146096655429673 52.52240594403659 -96.50182777742233 56.20947617514565 -41.09048996183833 -46.7600069143294 -18.851295916391734
18.483860829135338 12.18420802282445 57.58515497586043 56.54753965570717 -66.08041170177296 18.544599180724887 -30.304498531357552 -6.637303359420727 45.119775110593395
14.562137334418097 91.91083599200596 -57.261853100227114 21.49041723358785 55.794880689422854 6.194481320191514 12.760688469687082 41.348705742213355 -32.396790481210644
-31.53002174854595 -23.034772947440274 11.34637875127747 -84.44257384179288 -30.905017011318776 65.84931911812117 41.97987701689766 65.22808219582126 -94.4629466673801
9.051228171936117 77.23362601514057 57.16330619127487 64.59317145220277 -73.84499464573815 47.07245689362202 14.595238817710737 -44.75515704527331 98.30624965014326
71.02002043475485 -60.92901105738082 -13.119890478464598 -79.38398630724146 -79.97906186327555 11.79945591871774 -65.94522929875141 64.12787661387668 64.0868248882984
-73.48224113747563 -67.53882845463815 -10.910393497356722 -86.22370447382228 42.97984496274202 83.57486103477976 83.83446220820156 -92.56703038594729 89.31963640000725
-15.501198642149944 35.65768673964649 -44.416419133826615 -98.84549645447296 52.299111500592176 55.514175513632296 28.886381391340223 82.2482932497854 -25.82731414396946
-4.948632470083922 56.78433259851511 -51.50588820793354 -31.60467591794756 5.785269140793986 -49.29447400656699 -99.90355143064235 33.32564490554773 66.98014543581309
20.691109969688213 -37.39726898073818 -14.646844060828613 27.13566106313752 19.877653082776618 -88.59651913671225 -43.306305499865715 9.343265855119867 5.4985373523455365
59.930375255748174 -31.586615043290436 93.79355411484823 -93.7298574751094 -82.83273728230334 40.74924976893388 -32.39950448586586 71.14701475588276 40.93264980499319
25.454929766215642 92.26354544936325 -73.43102772582299 27.195737770549044 76.26660576394903 52.02413800712665 -26.17637241459387 15.646133884247519 17.04108011915298
-9.732201396705278 55.06334510075547 -20.951967449275813 -47.597165255059856 62.01730057679438 66.56205329457856 -69.92169385534302 -44.4801620760154 -32.89199862413487
-15.9318253316234 73.41167964090985 -81.91975662349947 87.826560135688 99.1514021208697 53.089581381144626 97.02358325782436 18.15637118715489 -82.89623644795275
-7.761717355518428 99.54597092358307 22.68272467928938 -85.23449299611198 -41.77180856834659 -82.61515810078726 51.258400005291094 -14.95436394230802 98.17802110151351
98.37826352774891 99.89539343453063 -58.55675607507158 12.968039734145947 83.56594293923138 -97.39363285426175 33.6010473538519 -70.11184741428353 85.05088421710599
-65.17029349184924 -76.41612023230569 -48.27880314196469 60.07193628308477 -22.157217506845555 -26.473195205572964 -21.09516178868131 58.618053840730596 -34.653446075578344
46.190052171684385 -51.44834567758308 -6.3794752837874995 -58.81709592602626 16.51274249602055 -66.21706504185987 82.76087012568908 61.79535613157853 -4.7587713588225
-33.115821370520536 45.757335008530276 46.13213462602866 61.08437047519391 0.27688069898606216 -25.841229628870195 34.74477466823524 -89.1317032460848 75.93681317593769
49.02917882708809 64.23277226016154 -94.97014137316866 -79.79230296778883 -16.62958507256195 38.68018299585819 97.02004981143136 43.70141883183584 19.407208466697682
-26.77622362635779 -68.9460396526774 80.60554221315496 50.30663899145097 30.292802164968066 -97.6863348915838 3.4494036156394827 89.04253180754117 93.32908083731851
0.22265833882066488 41.97432558099109 -77.27196062716992 -48.80368154341526 80.61483827133455 16.66812199603052 0.6721921406786606 -32.90958478657555 68.51637506071572
-39.72532136873224 -54.35899701898181 1.1976858237715788 51.183991171825255 43.267214309204974 -37.57596478757521 -45.06038581779654 -9.190749777209575 74.21379053614149
61.215709594513925 13.283512960278216 65.28408354459322 8.195729586244767 -42.7739075427815 -30.54276592801115 2.0105352381260246 37.2766060156946 -60.01955467170357
25.26645191998493 59.732867769842386 -76.0838423401839 34.11011143703922 80.48798739576375 56.64002419890116 4.420848935892877 -8.726250118489801 -78.60770934298782
65.78637990368634 -49.87140377619645 73.2998386290711 -19.294771420354692 56.345525985085885 31.322189486039804 70.69669579790275 96.99372741431003 61.54145267851828
93.19192494789047 98.50429464527292 -35.68766936049971 82.39568512762983 24.187577673111463 20.67657555879336 -95.25985780072908 71.52191602814932 48.852932413034495
-65.16115110130272 -62.37525062074691 -95.1143150772463 -5.600737675335353 -62.88675901256171 76.42276910533735 62.669212818803544 -5.151360562872128 78.73919528985681
62.347613661090406 48.95271234873806 -23.111414137334194 63.09512538702441 14.103809496810143 34.62647689440561 41.25669994926017 -71.7494742262007 -44.18994959792357
1.6988413602065862 -16.154434664385775 -20.876318226543788 62.27246538361362 11.874595680765921 81.27699090885844 75.68096166880574 -5.958600808361055 -2.846113463015328
-54.35622501201014 -22.460870306237382 67.27409445606318 -52.54715198900701 -7.851798848446506 3.879537505786928 79.35902887315473 -93.83639107976177 92.60531082759564
9.27066905182032 -68.66767841774242 60.06831104181575 71.08745661400701 9.46823081763155 -60.913441381764514 -84.15134030559915 51.283763931272944 69.40172350521726
-6.378770145732005 -47.4914401774853 92.59461206503423 -73.05906649557849 27.16789374986321 -44.03808995672791 70.16988709223571 -53.4510422395607 40.72303370545063
-79.25058140937048 -97.79706006734885 -80.92425644753646 -51.91834514026841 88.75183175829068 78.66994651349657 -28.871720613949293 58.54958164831859 -7.831596695681142
-51.98573877428829 51.171499002217445 77.56026936894887 57.613306808522026 15.173674169970866 0.7110586673388468 21.387910473228573 82.3037861038342 18.07819512709301
41.24690433201903 -57.70373841979119 95.6816262603459 25.440708478477234 -63.2582355378267 50.36960421657744 -78.8492915088864 -14.96684377162481 -4.855881245126611
27.050781381401535 -76.29326633991309 4.540174850075118 35.376959681976615 -41.10722101099675 -61.36815051871978 92.59887329985318 24.149207919888283 51.954485933134464
-74.46231834444417 -64.2628418442311 -38.983623378773814 -40.598293772139435 85.81394882551999 88.04235974735803 -8.37467666034432 -62.55249287874509 85.53230039045076
-4.680494021829773 -97.87152510081225 -16.315175326305777 9.468411333116691 -62.56754604631005 -30.0980966185502 32.1863388671766 69.66216291591144 70.34248748600615
-62.335980177846096 -47.0472973546801 69.45944351344119 41.00837235941967 13.572000960552089 -23.766573546789644 25.909850635447995 -37.83052540587466 -62.54841613023559
19.038306977352477 -97.40704975891714 14.56296588299908 31.620103231707816 -22.559002183528662 76.38052134303703 -88.20032730274549 2.759645614765674 -0.7298902557673017
50.35314318051988 22.715164954747763 -36.14376325452435 96.32106489820998 -51.05946190615276 63.682803426010196 34.60106406990377 -42.74803641035911 14.098552091800201
72.52869513882209 5.147232798907737 40.39937668204132 -46.58115428733283 -29.63808054739623 -87.4190948771336 -47.94522348193411 4.877204651652178 -10.964291113359792
88.68319827999497 59.31166933248707 54.99044405176812 -9.207884167380612 -37.8908104778759 -85.04914836891962 -37.030262083169376 -12.86765381072685 43.67692433984715
26.044979102686 -20.127415063081642 -31.174047425283675 -25.641072151671068 66.88330124089197 48.27566656686781 34.71960207588589 96.47833873268706 87.6314171745669
51.02563120261152 11.53679060037706 -97.59312195231517 -19.935915098593384 -16.622755739820548 75.16663006150952 -5.754427210118479 -82.88678823949652 91.96629899744522
25 0 0 0
